sID	Target	1_0_1p_1	1_0_1t_1	1_0_u_1	1_1p_0_1	1_1p_1p_1	1_1p_1t_1	1_1p_u_1	1_1t_0_1	1_1t_1p_1	1_1t_1t_1	1_1t_u_1	1_u_0_1	1_u_1p_1	1_u_1t_1	1_u_u_1	u_0_1p_u	u_0_1t_u	u_0_u_u	u_1p_0_u	u_1p_1t_u	u_1p_u_u	u_1t_0_u	u_1t_1p_u	u_1t_u_u	u_u_0_u	u_u_1p_u	u_u_1t_u	u_u_u_u	Attention_Confirmation	Age	"Sex (1 = make; 2 = female; 3 = other; 4 = prefer not to say)"	Technical_issues	Duration (sek)
2	west	1	1	1	11	6	1	7	11	11	6	8	11	3	4	6	1	1	1	11	1	8	11	11	8	11	4	5	6	1	18	1	-99	695
3	west	1	1	3	11	6	6	11	11	6	6	11	9	1	1	6	1	1	6	11	6	11	11	6	11	8	1	1	6	1	27	2	-99	815
4	east	1	1	1	11	6	4	8	11	11	6	11	11	5	4	6	1	1	1	7	1	8	11	11	8	11	4	3	6	1	18	1	-99	608
5	east	1	1	1	11	6	4	6	11	10	6	7	11	6	6	6	1	1	1	11	3	6	11	10	6	11	6	6	6	1	28	3	-99	636
6	west	6	1	6	6	6	6	6	11	11	6	11	6	1	1	6	1	1	6	11	6	11	11	11	11	6	1	1	6	1	28	2	N/a	2835
8	east	1	1	1	11	6	6	6	11	6	6	11	11	1	6	6	1	1	1	11	6	6	11	6	6	11	6	6	6	1	36	1	-99	2262
9	west	2	2	3	10	6	5	8	10	7	6	8	8	5	5	6	3	2	4	9	5	7	9	7	8	8	7	5	6	1	21	1	-99	579
11	west	1	1	1	9	6	6	4	1	6	6	4	11	4	3	6	1	1	1	1	6	9	11	6	9	11	9	4	6	1	33	1	-99	609
13	east	1	1	1	11	6	5	6	11	7	6	7	11	6	5	6	1	1	1	11	5	8	11	7	7	11	5	5	6	1	44	2	-99	1236
14	west	1	1	1	11	6	3	8	11	11	6	11	11	3	1	6	1	1	1	11	3	9	11	8	11	11	3	1	6	1	23	1	-99	1606
15	east	1	1	1	11	6	1	6	11	11	6	11	11	6	1	6	1	1	1	11	1	6	11	11	6	9	6	6	6	1	39	1	-99	665
16	west	5	4	7	8	7	7	7	7	7	6	7	5	4	5	6	4	7	6	7	6	7	5	6	7	6	4	3	6	1	44	1	-99	1892
17	east	1	1	1	11	6	6	11	11	7	6	7	11	6	5	6	1	1	1	11	5	7	11	6	7	6	5	1	6	1	30	2	-99	1938
18	east	1	1	1	11	6	3	8	11	9	6	9	11	4	3	6	1	1	1	11	3	8	11	9	10	11	4	2	6	1	27	1	-99	1129
19	west	1	1	1	11	6	5	7	11	8	6	9	11	4	3	6	1	1	1	11	4	9	11	6	9	11	2	3	6	1	42	1	-99	1094
20	west	1	1	1	11	6	1	7	11	11	6	10	11	7	3	6	1	1	1	11	1	7	11	11	11	11	5	4	6	1	64	2	-99	1857
21	west	3	2	3	8	6	5	7	10	9	6	11	8	4	4	6	3	3	4	9	4	7	9	9	8	8	4	3	6	1	24	1	-99	2153
22	east	1	1	1	11	6	1	6	11	11	6	6	11	6	1	6	1	1	1	11	1	6	11	11	11	11	3	1	6	1	52	1	-99	953
23	west	1	1	1	11	6	6	6	11	6	6	6	11	6	6	6	1	1	2	11	6	6	11	6	6	11	6	6	6	1	47	2	-99	1331
24	east	1	1	1	11	6	2	6	11	10	6	7	11	6	4	6	1	1	1	11	2	8	11	10	8	11	5	4	6	1	56	2	N/A	2900
25	west	1	1	1	10	6	5	8	11	9	6	9	11	5	3	6	1	1	1	11	5	7	11	10	10	11	5	7	6	1	29	2	-99	924
26	east	1	1	1	11	6	5	6	11	8	6	8	11	6	4	6	1	1	1	11	5	6	11	10	8	11	4	4	6	1	28	1	-99	2189
27	west	1	1	1	11	6	1	9	11	11	6	11	11	3	1	6	1	1	6	11	2	10	11	11	11	11	1	1	6	1	34	1	None thank you.	1263
28	east	9	2	2	10	6	3	6	10	10	6	8	10	6	5	6	2	1	3	10	5	7	10	9	9	8	4	5	6	1	53	1	-99	1149
29	east	2	1	4	11	6	6	10	10	6	6	11	10	2	1	6	1	2	2	10	6	10	10	6	10	9	2	2	6	1	32	2	-99	511
30	east	1	1	3	11	6	1	9	11	11	6	11	11	6	4	6	1	1	6	11	1	7	11	11	10	11	6	4	6	1	49	2	-99	1065
31	west	1	1	1	11	6	6	6	11	6	6	6	11	6	6	6	1	1	1	11	6	6	11	6	6	11	6	5	6	1	27	2	None	1220
32	east	1	1	1	11	6	3	7	11	7	6	8	11	6	4	6	1	1	1	11	5	7	11	9	9	11	5	3	6	1	24	3	-99	1307
33	west	1	1	1	11	6	2	10	10	10	6	9	10	4	2	6	2	2	2	11	2	9	11	10	10	11	3	2	6	1	28	1	-99	732
34	west	1	5	4	11	6	10	11	10	4	6	6	9	1	6	6	5	5	6	11	9	11	10	6	6	9	4	4	6	1	31	2	-99	937
35	west	1	2	1	10	6	6	10	11	6	6	11	10	2	2	6	1	2	2	10	6	10	10	6	10	10	2	2	6	1	31	2	-99	1639
36	east	1	1	1	11	6	3	7	11	11	6	8	10	5	4	6	1	1	1	11	2	7	11	8	7	9	5	5	6	1	29	1	There were no issues.	1167
37	east	1	9	5	11	6	6	11	1	6	6	1	11	1	1	6	1	1	6	4	6	11	1	6	1	4	11	1	6	1	32	2	-99	1497
39	west	1	1	1	11	6	3	6	11	6	6	6	11	2	6	6	1	1	1	11	6	6	11	6	6	11	5	2	6	1	52	2	-99	862
40	east	6	1	6	9	6	3	6	10	10	6	9	7	6	3	6	3	2	5	6	2	6	7	8	8	8	4	5	6	1	58	2	none	1155
41	east	1	1	1	11	6	1	5	11	11	6	9	11	6	3	6	1	1	1	11	1	6	11	11	8	11	5	4	6	1	24	1	-99	747
42	west	1	1	1	11	6	1	6	11	11	6	9	11	6	3	6	1	1	1	11	1	6	11	11	9	11	6	3	6	1	40	1	-99	1846
43	east	1	1	1	4	6	1	4	11	11	6	11	11	8	1	6	1	1	1	11	1	7	11	11	11	11	4	1	6	1	38	2	-99	2371
44	west	1	1	1	11	6	11	6	11	11	6	7	11	6	1	6	1	1	1	11	2	6	11	11	9	11	6	6	6	1	32	1	-99	847
45	west	4	6	7	6	2	8	7	6	6	6	6	5	11	9	6	2	2	1	4	2	2	3	2	3	2	2	1	4	1	32	1	None.	1372
46	east	1	1	1	11	6	5	8	11	6	6	8	11	5	5	6	1	1	1	11	6	8	11	8	9	11	5	3	6	1	33	1	n/a	861
49	east	1	1	2	11	6	5	6	11	10	6	8	11	6	3	6	1	1	1	11	4	6	11	9	7	10	6	5	6	1	31	1	None	1048
50	west	1	1	1	11	6	2	5	11	10	6	7	11	4	5	6	1	1	1	11	2	5	11	10	6	11	7	6	6	1	26	1	-99	720
51	east	1	1	1	10	6	4	7	11	9	6	10	11	4	4	6	1	2	2	11	5	7	11	8	10	9	5	4	6	1	34	2	-99	700
52	west	1	1	1	10	6	6	8	11	6	6	8	11	4	4	6	1	1	1	11	6	8	11	6	8	11	4	4	6	1	53	1	-99	1201
53	west	1	1	1	11	6	5	6	11	7	6	7	11	6	5	6	1	1	1	11	5	7	11	7	7	11	6	5	6	1	44	2	-99	1461
56	east	1	1	1	11	6	6	6	11	6	6	6	11	6	6	6	1	1	1	11	6	6	11	6	6	11	6	6	6	1	29	2	-99	1435
57	west	1	1	1	11	6	4	5	11	8	6	9	11	7	5	6	1	1	1	11	5	7	11	7	8	11	5	5	6	1	19	2	-99	648
58	west	1	1	1	11	6	4	7	11	11	11	11	11	5	3	6	1	1	1	11	4	7	11	11	11	11	4	3	6	1	26	1	-99	775
59	west	1	11	1	11	6	4	8	11	9	6	11	11	4	1	6	1	1	1	11	3	9	11	9	6	11	4	1	6	1	31	1	-99	1808
60	east	1	1	1	11	6	4	7	11	8	6	8	11	7	5	6	1	1	1	11	6	7	11	7	9	11	5	4	6	1	27	2	-99	847
61	east	1	1	1	11	6	6	6	11	6	6	6	11	6	6	6	1	1	1	11	6	6	11	6	6	11	6	6	6	1	49	2	-99	985
62	east	6	1	1	11	6	2	6	11	10	6	10	11	6	2	6	1	1	1	11	2	6	11	11	11	11	6	6	6	1	43	2	-99	726
63	east	1	1	1	11	6	5	8	11	6	6	8	11	4	4	6	1	1	1	11	6	8	11	6	9	11	9	3	6	1	32	2	-99	816
64	west	1	3	1	10	6	5	6	11	7	6	9	8	5	6	6	1	1	1	11	5	8	11	6	7	9	3	5	6	1	21	1	-99	686
66	east	1	1	2	10	6	2	11	11	9	6	10	7	2	1	6	3	2	3	9	2	9	10	8	11	9	4	1	6	1	33	2	-99	1120
67	east	1	1	1	11	6	6	7	11	6	6	7	11	5	5	6	1	1	1	11	6	8	11	6	8	11	5	4	6	1	36	1	-99	890
69	west	2	2	3	10	6	3	8	11	10	6	9	8	5	7	6	3	2	2	9	3	8	11	10	9	10	5	3	6	1	34	1	-99	1950
70	west	8	7	6	4	6	6	9	5	6	6	4	6	7	7	6	6	7	4	5	6	1	6	6	3	6	6	6	6	1	34	1	-99	1096
71	west	4	1	9	11	6	6	11	10	9	6	11	10	3	2	6	1	4	4	11	6	11	11	9	11	5	3	1	6	1	32	2	-99	1720
72	east	1	1	1	11	6	5	8	11	7	6	7	11	4	4	6	1	1	1	11	4	7	11	8	8	1	8	4	6	1	25	1	-99	2131
73	west	1	1	1	11	6	6	6	11	6	6	6	11	6	6	6	1	1	1	11	6	6	11	6	6	11	6	6	6	1	29	1	-99	530
75	east	2	2	2	10	6	3	6	10	8	6	7	10	5	5	6	2	2	2	10	5	9	10	8	9	10	5	5	6	1	19	2	-99	462
76	east	1	1	1	11	6	6	9	11	6	6	8	11	4	5	6	1	1	1	11	6	9	11	6	9	11	5	5	6	1	42	2	-99	1052
78	west	1	1	1	11	6	1	6	11	11	6	7	11	5	5	6	1	1	1	11	1	7	11	11	7	11	5	6	6	1	28	1	-99	828
79	west	1	1	5	11	6	1	7	11	1	6	11	11	4	1	6	1	1	1	11	1	10	11	10	11	1	6	1	6	1	51	2	No technical issues	1631
80	east	1	1	1	11	6	4	6	11	6	6	7	11	6	6	6	1	1	1	11	4	7	11	8	9	11	6	5	6	1	25	2	-99	705
81	east	1	3	3	11	6	5	11	11	11	6	11	9	2	3	6	3	3	4	10	7	9	9	7	8	4	2	4	6	1	49	1	Thankyou I enjoyed this	790
82	east	1	1	1	11	6	3	9	11	9	6	11	11	2	2	6	1	1	1	11	3	8	11	9	11	11	2	1	6	1	23	2	-99	1205
83	west	1	1	1	11	6	6	9	11	6	6	6	10	6	6	6	6	6	1	11	4	11	11	8	8	11	6	1	6	1	46	1	None	1292
84	east	2	1	1	11	6	2	8	11	10	6	10	10	6	4	6	1	1	2	10	3	7	11	11	10	10	6	3	6	1	32	1	-99	1362
85	east	1	1	1	11	6	6	9	11	6	6	8	11	6	3	6	1	1	1	11	6	6	11	6	6	11	6	6	6	1	29	1	-99	1044
87	east	1	1	1	11	6	2	5	11	10	6	7	11	7	4	6	1	1	1	11	2	6	11	10	9	11	7	5	6	1	19	1	-99	1184
88	west	3	2	4	9	6	3	6	10	10	6	10	9	5	4	6	2	3	4	9	2	7	10	10	9	9	5	3	6	1	31	2	None	929
90	west	1	1	1	1	6	6	6	1	6	6	6	11	6	6	6	1	1	1	1	6	6	1	6	11	1	1	1	6	1	45	1	-99	1021
91	east	1	1	1	11	6	2	9	11	11	6	9	11	2	2	6	1	1	1	11	2	10	11	10	9	11	3	4	6	1	29	1	-99	1358
93	east	2	2	3	10	6	6	8	11	6	6	9	9	4	4	6	2	2	4	10	6	8	9	6	7	8	5	4	6	1	24	1	-99	1380
95	west	1	1	11	11	6	3	11	11	9	6	11	11	1	1	6	1	1	1	11	6	11	11	9	11	11	1	1	6	1	21	2	-99	957
96	east	5	2	6	10	6	5	11	11	10	6	11	6	3	1	6	2	3	11	11	6	11	11	6	11	6	1	1	6	1	36	1	-99	1431
97	east	3	1	2	9	6	4	6	8	9	6	7	7	5	5	6	4	2	3	7	3	7	11	10	10	9	5	5	6	1	28	2	-99	1135
99	west	7	9	7	4	6	9	4	4	2	6	3	5	7	9	6	7	10	8	5	8	5	3	4	3	7	7	10	6	1	39	1	none	1552
100	east	1	1	6	11	6	6	11	11	6	6	11	8	1	1	6	1	1	3	9	6	11	11	6	9	6	1	3	6	1	20	1	-99	595
101	west	4	4	5	8	6	5	7	10	7	6	7	7	5	5	6	2	2	5	9	5	10	9	7	9	7	5	5	6	1	51	2	-99	1529
102	east	7	9	9	2	7	10	8	6	9	10	7	7	5	8	6	3	5	6	4	6	4	4	5	5	4	6	6	6	1	30	2	-99	1599
103	west	3	3	2	9	6	4	6	11	10	6	10	11	3	2	6	10	3	1	11	4	9	11	11	9	10	3	3	6	1	19	1	-99	591
104	east	1	1	1	11	6	5	9	11	9	6	7	11	5	4	6	1	1	1	9	5	7	8	8	9	11	5	4	6	1	23	2	none.	-1
106	west	1	1	1	11	6	6	6	11	6	6	7	11	3	5	6	1	1	1	11	6	9	11	6	7	10	6	5	6	1	20	2	No	847
107	east	1	1	1	11	6	2	11	11	11	6	11	11	1	6	6	1	1	11	11	3	10	11	11	9	11	4	6	1	1	24	1	-99	595
108	west	1	1	1	11	6	5	7	11	10	6	8	11	6	5	6	1	1	1	11	6	7	11	6	7	11	5	4	6	1	24	2	None	2196
109	east	1	1	3	11	6	2	4	11	10	6	9	11	4	4	6	1	1	1	11	3	7	11	10	7	11	3	4	6	1	23	1	-99	722
111	east	1	1	1	11	6	3	9	11	3	6	9	11	3	3	6	1	1	1	11	3	9	11	9	9	11	3	3	6	1	30	1	-99	765
112	west	9	9	8	3	5	5	9	5	3	6	7	6	8	5	8	3	4	5	8	4	8	3	7	5	8	4	5	5	1	58	2	-99	888
113	west	1	1	1	11	6	1	6	11	11	6	11	11	6	3	6	1	1	1	11	1	6	11	11	6	11	6	3	6	1	24	1	None	2939
116	west	1	5	2	11	6	5	7	11	6	6	6	11	4	5	6	1	1	1	11	5	9	11	6	9	10	2	3	6	1	29	1	none	804
117	west	1	1	1	11	6	4	7	11	9	6	9	11	5	1	6	1	1	1	11	4	11	11	9	10	11	4	3	6	1	22	1	-99	543
118	west	1	1	1	11	6	4	10	11	7	6	10	11	3	3	6	1	2	1	11	3	6	10	9	6	6	3	6	6	1	39	1	-99	3329
119	west	1	1	1	11	6	5	10	11	9	6	11	11	2	1	6	1	1	1	11	4	11	10	9	11	8	2	1	6	1	52	2	-99	1063
120	east	1	1	1	11	6	2	7	11	9	6	8	11	4	5	6	1	1	1	11	4	7	11	10	8	11	4	5	6	1	29	2	-99	1199
122	east	1	1	1	11	6	4	3	11	9	6	11	11	5	4	6	1	1	1	11	3	8	11	9	9	11	4	4	6	1	28	1	-99	1004
123	west	1	3	2	1	2	1	2	2	3	1	1	2	2	2	2	5	5	4	11	11	5	5	6	5	5	7	6	6	1	18	1	-99	1139
